460029403234324,102,2014-04-28 19:05:12 78,16798,10372,,,,
460020784550836,102,2014-04-28 19:05:12 78,16425,41282,,,,
460029418206261,102,2014-04-28 19:05:12 78,16839,14744,,,,
460008364978767,102,2014-04-28 19:05:12 78,16788,10062,,,,
460004996046210,102,2014-04-28 19:05:12 78,16865,40752,,,,
460001124416878,102,2014-04-28 19:05:12 78,16445,52163,,,,
460025422101713,102,2014-04-28 19:05:12 78,16435,42572,,,,
460001273454606,102,2014-04-28 19:05:12 78,16768,40031,,,,
460027419123574,102,2014-04-28 19:05:12 78,16866,40451,,,,
460001043458439,102,2014-04-28 19:05:12 78,16733,35591,,,,
460023418323394,102,2014-04-28 19:05:12 78,16838,13253,,,,
460009633808752,102,2014-04-28 19:05:12 78,16437,40203,,,,
460001670980934,102,2014-04-28 19:05:12 78,16644,10603,,,,
460026419022131,102,2014-04-28 19:05:12 78,16866,40042,,,,
460029049332549,102,2014-04-28 19:05:12 78,16850,40111,,,,
460022040440726,102,2014-04-28 19:05:12 78,16399,18172,,,,
460029422217434,102,2014-04-28 19:05:12 78,16772,40033,,,,
460020649092534,102,2014-04-28 19:05:12 78,16450,40163,,,,
460002054432599,102,2014-04-28 19:05:12 78,16660,52513,,,,
460026417137523,102,2014-04-28 19:05:12 78,16528,42633,,,,
460028426443520,102,2014-04-28 19:05:12 78,16444,41062,,,,
460001494404714,102,2014-04-28 19:05:12 78,16764,41261,,,,
460004245302106,102,2014-04-28 19:05:12 78,16663,41143,,,,
460008553947199,102,2014-04-28 19:05:12 78,16841,9782,,,,
460000363434249,102,2014-04-28 19:05:12 78,16389,10413,,,,
460009817186487,102,2014-04-28 19:05:12 78,16651,13041,,,,
460002904493971,102,2014-04-28 19:05:12 78,16761,40163,,,,
460001744439101,102,2014-04-28 19:05:12 78,16719,42765,,,,
460022040208301,102,2014-04-28 19:05:12 78,16789,10202,,,,
460001810983034,102,2014-04-28 19:05:12 78,16657,50202,,,,
460004190124333,102,2014-04-28 19:05:12 78,16560,40063,,,,
460021408352820,102,2014-04-28 19:05:12 78,16673,45472,,,,
460022265665071,102,2014-04-28 19:05:12 78,16720,17296,,,,
460000543430287,102,2014-04-28 19:05:12 78,16643,13392,,,,
460078426212287,102,2014-04-28 19:05:12 78,16416,50262,,,,
460025420183523,102,2014-04-28 19:05:12 78,16811,45071,,,,
460001090996312,102,2014-04-28 19:05:12 78,16732,40801,,,,
460023098368733,102,2014-04-28 19:05:12 78,16712,50762,,,,
460002624419534,102,2014-04-28 19:05:12 78,16815,42063,,,,
460029980084351,102,2014-04-28 19:05:12 78,16772,45041,,,,
460001413443128,102,2014-04-28 19:05:12 78,16691,46123,,,,
460007973908213,102,2014-04-28 19:05:12 78,16640,13612,,,,
460000943480426,102,2014-04-28 19:05:12 78,16436,51161,,,,
460004188007952,102,2014-04-28 19:05:12 78,16837,11954,,,,
460001223434267,102,2014-04-28 19:05:12 78,16459,40441,,,,
460020706126145,101,2014-04-28 19:05:12 78,16628,5032,,,,
460026412205043,101,2014-04-28 19:05:12 78,16675,40111,,,,
460008553945051,101,2014-04-28 19:05:12 78,16894,18145,,,,
460029982511776,101,2014-04-28 19:05:12 78,16398,13531,,,,
460000007121643,101,2014-04-28 19:05:12 78,16794,13961,,,,
460008954996970,101,2014-04-28 19:05:12 78,16763,5823,,,,
460001670946672,101,2014-04-28 19:05:12 78,16798,46371,,,,
460000705537790,101,2014-04-28 19:05:12 78,16656,50003,,,,
460023419177357,102,2014-04-28 19:05:12 78,16865,40471,,,,
460021642349220,102,2014-04-28 19:05:12 78,16455,40243,,,,
460001273435696,102,2014-04-28 19:05:12 78,16675,45121,,,,
460000834460259,102,2014-04-28 19:05:12 78,16664,50322,,,,
460008954978025,102,2014-04-28 19:05:12 78,16762,5063,,,,
460028418184001,102,2014-04-28 19:05:12 78,16893,16052,,,,
460028982543418,102,2014-04-28 19:05:12 78,16764,40373,,,,
460023403030893,102,2014-04-28 19:05:12 78,16640,13042,,,,
460008364937444,102,2014-04-28 19:05:12 78,16394,10983,,,,
460029981688742,102,2014-04-28 19:05:12 78,16645,47461,,,,
460001060909696,102,2014-04-28 19:05:12 78,16733,35801,,,,
460021409042283,102,2014-04-28 19:05:12 78,16838,13231,,,,
460026414102262,102,2014-04-28 19:05:12 78,16690,12281,,,,
460023413394843,102,2014-04-28 19:05:12 78,16466,41773,,,,
460000705382976,102,2014-04-28 19:05:12 78,16440,40232,,,,
460001053412028,102,2014-04-28 19:05:12 78,16731,32322,,,,
460028982227227,102,2014-04-28 19:05:12 78,16625,40231,,,,
460021342015846,102,2014-04-28 19:05:12 78,16714,45652,,,,
460021742448058,102,2014-04-28 19:05:12 78,16722,3542,,,,
460028425027052,102,2014-04-28 19:05:12 78,16700,55023,,,,
460004131949594,102,2014-04-28 19:05:12 78,16798,43251,,,,
460029401565540,102,2014-04-28 19:05:12 78,16386,13103,,,,
460020700117142,102,2014-04-28 19:05:12 78,16816,53922,,,,
460029403611963,102,2014-04-28 19:05:12 78,16404,13902,,,,
460001760938562,102,2014-04-28 19:05:12 78,16842,50260,,,,
460023419275818,102,2014-04-28 19:05:12 78,16864,40571,,,,
460004921318373,102,2014-04-28 19:05:12 78,16593,12752,,,,
460023418065095,102,2014-04-28 19:05:12 78,16894,18713,,,,
460004008880292,102,2014-04-28 19:05:12 78,16789,10862,,,,
